=================================================================
Block 34 of file /tmp/ee469yu356.img:
-----------------------------------------------------------------
 Byte #:  0  1  2  3    4  5  6  7    8  9 10 11   12 13 14 15
0004400: ff ff ff fc : 00 00 00 00 : 00 00 00 00 : 00 00 00 00 :  
0004410: 00 00 00 00 : 00 00 00 00 : 00 00 00 00 : 00 00 00 00 :  
0004420: 00 00 00 00 : 00 00 00 00 : 00 00 00 00 : 00 00 00 00 :  
0004430: 00 00 00 00 : 00 00 00 00 : 00 00 00 00 : 00 00 00 00 :  
0004440: 00 00 00 00 : 00 00 00 00 : 00 00 00 00 : 00 00 00 00 :  
0004450: 00 00 00 00 : 00 00 00 00 : 00 00 00 00 : 00 00 00 00 :  
0004460: 00 00 00 00 : 00 00 00 00 : 00 00 00 00 : 00 00 00 00 :  
0004470: 00 00 00 00 : 00 00 00 00 : 00 00 00 00 : 00 00 00 00 :  
0004480: 00 00 00 00 : 00 00 00 00 : 00 00 00 00 : 00 00 00 00 :  
0004490: 00 00 00 00 : 00 00 00 00 : 00 00 00 00 : 00 00 00 00 :  
00044a0: 00 00 00 00 : 00 00 00 00 : 00 00 00 00 : 00 00 00 00 :  
00044b0: 00 00 00 00 : 00 00 00 00 : 00 00 00 00 : 00 00 00 00 :  
00044c0: 00 00 00 00 : 00 00 00 00 : 00 00 00 00 : 00 00 00 00 :  
00044d0: 00 00 00 00 : 00 00 00 00 : 00 00 00 00 : 00 00 00 00 :  
00044e0: 00 00 00 00 : 00 00 00 00 : 00 00 00 00 : 00 00 00 00 :  
00044f0: 00 00 00 00 : 00 00 00 00 : 00 00 00 00 : 00 00 00 00 :  
0004500: 00 00 00 00 : 00 00 00 00 : 00 00 00 00 : 00 00 00 00 :  
0004510: 00 00 00 00 : 00 00 00 00 : 00 00 00 00 : 00 00 00 00 :  
0004520: 00 00 00 00 : 00 00 00 00 : 00 00 00 00 : 00 00 00 00 :  
0004530: 00 00 00 00 : 00 00 00 00 : 00 00 00 00 : 00 00 00 00 :  
0004540: 00 00 00 00 : 00 00 00 00 : 00 00 00 00 : 00 00 00 00 :  
0004550: 00 00 00 00 : 00 00 00 00 : 00 00 00 00 : 00 00 00 00 :  
0004560: 00 00 00 00 : 00 00 00 00 : 00 00 00 00 : 00 00 00 00 :  
0004570: 00 00 00 00 : 00 00 00 00 : 00 00 00 00 : 00 00 00 00 :  
0004580: 00 00 00 00 : 00 00 00 00 : 00 00 00 00 : 00 00 00 00 :  
0004590: 00 00 00 00 : 00 00 00 00 : 00 00 00 00 : 00 00 00 00 :  
00045a0: 00 00 00 00 : 00 00 00 00 : 00 00 00 00 : 00 00 00 00 :  
00045b0: 00 00 00 00 : 00 00 00 00 : 00 00 00 00 : 00 00 00 00 :  
00045c0: 00 00 00 00 : 00 00 00 00 : 00 00 00 00 : 00 00 00 00 :  
00045d0: 00 00 00 00 : 00 00 00 00 : 00 00 00 00 : 00 00 00 00 :  
00045e0: 00 00 00 00 : 00 00 00 00 : 00 00 00 00 : 00 00 00 00 :  
00045f0: 00 00 00 00 : 00 00 00 00 : 00 00 00 00 : 00 00 00 00 :  
 Byte #:  0  1  2  3    4  5  6  7    8  9 10 11   12 13 14 15
=================================================================
=================================================================
Block 35 of file /tmp/ee469yu356.img:
-----------------------------------------------------------------
 Byte #:  0  1  2  3    4  5  6  7    8  9 10 11   12 13 14 15
0004600: 00 00 00 00 : 00 00 00 00 : 00 00 00 00 : 00 00 00 00 :  
0004610: 00 00 00 00 : 00 00 00 00 : 00 00 00 00 : 00 00 00 00 :  
0004620: 00 00 00 00 : 00 00 00 00 : 00 00 00 00 : 00 00 00 00 :  
0004630: 00 00 00 00 : 00 00 00 00 : 00 00 00 00 : 00 00 00 00 :  
0004640: 00 00 00 00 : 00 00 00 00 : 00 00 00 00 : 00 00 00 00 :  
0004650: 00 00 00 00 : 00 00 00 00 : 00 00 00 00 : 00 00 00 00 :  
0004660: 00 00 00 00 : 00 00 00 00 : 00 00 00 00 : 00 00 00 00 :  
0004670: 00 00 00 00 : 00 00 00 00 : 00 00 00 00 : 00 00 00 00 :  
0004680: 00 00 00 00 : 00 00 00 00 : 00 00 00 00 : 00 00 00 00 :  
0004690: 00 00 00 00 : 00 00 00 00 : 00 00 00 00 : 00 00 00 00 :  
00046a0: 00 00 00 00 : 00 00 00 00 : 00 00 00 00 : 00 00 00 00 :  
00046b0: 00 00 00 00 : 00 00 00 00 : 00 00 00 00 : 00 00 00 00 :  
00046c0: 00 00 00 00 : 00 00 00 00 : 00 00 00 00 : 00 00 00 00 :  
00046d0: 00 00 00 00 : 00 00 00 00 : 00 00 00 00 : 00 00 00 00 :  
00046e0: 00 00 00 00 : 00 00 00 00 : 00 00 00 00 : 00 00 00 00 :  
00046f0: 00 00 00 00 : 00 00 00 00 : 00 00 00 00 : 00 00 00 00 :  
0004700: 00 00 00 00 : 00 00 00 00 : 00 00 00 00 : 00 00 00 00 :  
0004710: 00 00 00 00 : 00 00 00 00 : 00 00 00 00 : 00 00 00 00 :  
0004720: 00 00 00 00 : 00 00 00 00 : 00 00 00 00 : 00 00 00 00 :  
0004730: 00 00 00 00 : 00 00 00 00 : 00 00 00 00 : 00 00 00 00 :  
0004740: 00 00 00 00 : 00 00 00 00 : 00 00 00 00 : 00 00 00 00 :  
0004750: 00 00 00 00 : 00 00 00 00 : 00 00 00 00 : 00 00 00 00 :  
0004760: 00 00 00 00 : 00 00 00 00 : 00 00 00 00 : 00 00 00 00 :  
0004770: 00 00 00 00 : 00 00 00 00 : 00 00 00 00 : 00 00 00 00 :  
0004780: 00 00 00 00 : 00 00 00 00 : 00 00 00 00 : 00 00 00 00 :  
0004790: 00 00 00 00 : 00 00 00 00 : 00 00 00 00 : 00 00 00 00 :  
00047a0: 00 00 00 00 : 00 00 00 00 : 00 00 00 00 : 00 00 00 00 :  
00047b0: 00 00 00 00 : 00 00 00 00 : 00 00 00 00 : 00 00 00 00 :  
00047c0: 00 00 00 00 : 00 00 00 00 : 00 00 00 00 : 00 00 00 00 :  
00047d0: 00 00 00 00 : 00 00 00 00 : 00 00 00 00 : 00 00 00 00 :  
00047e0: 00 00 00 00 : 00 00 00 00 : 00 00 00 00 : 00 00 00 00 :  
00047f0: 00 00 00 00 : 00 00 00 00 : 00 00 00 00 : 00 00 00 00 :  
 Byte #:  0  1  2  3    4  5  6  7    8  9 10 11   12 13 14 15
=================================================================
=================================================================
Block 36 of file /tmp/ee469yu356.img:
-----------------------------------------------------------------
 Byte #:  0  1  2  3    4  5  6  7    8  9 10 11   12 13 14 15
0004800: 00 00 00 00 : 00 00 00 00 : 00 00 00 00 : 00 00 00 00 :  
0004810: 00 00 00 00 : 00 00 00 00 : 00 00 00 00 : 00 00 00 00 :  
0004820: 00 00 00 00 : 00 00 00 00 : 00 00 00 00 : 00 00 00 00 :  
0004830: 00 00 00 00 : 00 00 00 00 : 00 00 00 00 : 00 00 00 00 :  
0004840: 00 00 00 00 : 00 00 00 00 : 00 00 00 00 : 00 00 00 00 :  
0004850: 00 00 00 00 : 00 00 00 00 : 00 00 00 00 : 00 00 00 00 :  
0004860: 00 00 00 00 : 00 00 00 00 : 00 00 00 00 : 00 00 00 00 :  
0004870: 00 00 00 00 : 00 00 00 00 : 00 00 00 00 : 00 00 00 00 :  
0004880: 00 00 00 00 : 00 00 00 00 : 00 00 00 00 : 00 00 00 00 :  
0004890: 00 00 00 00 : 00 00 00 00 : 00 00 00 00 : 00 00 00 00 :  
00048a0: 00 00 00 00 : 00 00 00 00 : 00 00 00 00 : 00 00 00 00 :  
00048b0: 00 00 00 00 : 00 00 00 00 : 00 00 00 00 : 00 00 00 00 :  
00048c0: 00 00 00 00 : 00 00 00 00 : 00 00 00 00 : 00 00 00 00 :  
00048d0: 00 00 00 00 : 00 00 00 00 : 00 00 00 00 : 00 00 00 00 :  
00048e0: 00 00 00 00 : 00 00 00 00 : 00 00 00 00 : 00 00 00 00 :  
00048f0: 00 00 00 00 : 00 00 00 00 : 00 00 00 00 : 00 00 00 00 :  
0004900: 00 00 00 00 : 00 00 00 00 : 00 00 00 00 : 00 00 00 00 :  
0004910: 00 00 00 00 : 00 00 00 00 : 00 00 00 00 : 00 00 00 00 :  
0004920: 00 00 00 00 : 00 00 00 00 : 00 00 00 00 : 00 00 00 00 :  
0004930: 00 00 00 00 : 00 00 00 00 : 00 00 00 00 : 00 00 00 00 :  
0004940: 00 00 00 00 : 00 00 00 00 : 00 00 00 00 : 00 00 00 00 :  
0004950: 00 00 00 00 : 00 00 00 00 : 00 00 00 00 : 00 00 00 00 :  
0004960: 00 00 00 00 : 00 00 00 00 : 00 00 00 00 : 00 00 00 00 :  
0004970: 00 00 00 00 : 00 00 00 00 : 00 00 00 00 : 00 00 00 00 :  
0004980: 00 00 00 00 : 00 00 00 00 : 00 00 00 00 : 00 00 00 00 :  
0004990: 00 00 00 00 : 00 00 00 00 : 00 00 00 00 : 00 00 00 00 :  
00049a0: 00 00 00 00 : 00 00 00 00 : 00 00 00 00 : 00 00 00 00 :  
00049b0: 00 00 00 00 : 00 00 00 00 : 00 00 00 00 : 00 00 00 00 :  
00049c0: 00 00 00 00 : 00 00 00 00 : 00 00 00 00 : 00 00 00 00 :  
00049d0: 00 00 00 00 : 00 00 00 00 : 00 00 00 00 : 00 00 00 00 :  
00049e0: 00 00 00 00 : 00 00 00 00 : 00 00 00 00 : 00 00 00 00 :  
00049f0: 00 00 00 00 : 00 00 00 00 : 00 00 00 00 : 00 00 00 00 :  
 Byte #:  0  1  2  3    4  5  6  7    8  9 10 11   12 13 14 15
=================================================================
=================================================================
Block 37 of file /tmp/ee469yu356.img:
-----------------------------------------------------------------
 Byte #:  0  1  2  3    4  5  6  7    8  9 10 11   12 13 14 15
0004a00: 00 00 00 00 : 00 00 00 00 : 00 00 00 00 : 00 00 00 00 :  
0004a10: 00 00 00 00 : 00 00 00 00 : 00 00 00 00 : 00 00 00 00 :  
0004a20: 00 00 00 00 : 00 00 00 00 : 00 00 00 00 : 00 00 00 00 :  
0004a30: 00 00 00 00 : 00 00 00 00 : 00 00 00 00 : 00 00 00 00 :  
0004a40: 00 00 00 00 : 00 00 00 00 : 00 00 00 00 : 00 00 00 00 :  
0004a50: 00 00 00 00 : 00 00 00 00 : 00 00 00 00 : 00 00 00 00 :  
0004a60: 00 00 00 00 : 00 00 00 00 : 00 00 00 00 : 00 00 00 00 :  
0004a70: 00 00 00 00 : 00 00 00 00 : 00 00 00 00 : 00 00 00 00 :  
0004a80: 00 00 00 00 : 00 00 00 00 : 00 00 00 00 : 00 00 00 00 :  
0004a90: 00 00 00 00 : 00 00 00 00 : 00 00 00 00 : 00 00 00 00 :  
0004aa0: 00 00 00 00 : 00 00 00 00 : 00 00 00 00 : 00 00 00 00 :  
0004ab0: 00 00 00 00 : 00 00 00 00 : 00 00 00 00 : 00 00 00 00 :  
0004ac0: 00 00 00 00 : 00 00 00 00 : 00 00 00 00 : 00 00 00 00 :  
0004ad0: 00 00 00 00 : 00 00 00 00 : 00 00 00 00 : 00 00 00 00 :  
0004ae0: 00 00 00 00 : 00 00 00 00 : 00 00 00 00 : 00 00 00 00 :  
0004af0: 00 00 00 00 : 00 00 00 00 : 00 00 00 00 : 00 00 00 00 :  
0004b00: 00 00 00 00 : 00 00 00 00 : 00 00 00 00 : 00 00 00 00 :  
0004b10: 00 00 00 00 : 00 00 00 00 : 00 00 00 00 : 00 00 00 00 :  
0004b20: 00 00 00 00 : 00 00 00 00 : 00 00 00 00 : 00 00 00 00 :  
0004b30: 00 00 00 00 : 00 00 00 00 : 00 00 00 00 : 00 00 00 00 :  
0004b40: 00 00 00 00 : 00 00 00 00 : 00 00 00 00 : 00 00 00 00 :  
0004b50: 00 00 00 00 : 00 00 00 00 : 00 00 00 00 : 00 00 00 00 :  
0004b60: 00 00 00 00 : 00 00 00 00 : 00 00 00 00 : 00 00 00 00 :  
0004b70: 00 00 00 00 : 00 00 00 00 : 00 00 00 00 : 00 00 00 00 :  
0004b80: 00 00 00 00 : 00 00 00 00 : 00 00 00 00 : 00 00 00 00 :  
0004b90: 00 00 00 00 : 00 00 00 00 : 00 00 00 00 : 00 00 00 00 :  
0004ba0: 00 00 00 00 : 00 00 00 00 : 00 00 00 00 : 00 00 00 00 :  
0004bb0: 00 00 00 00 : 00 00 00 00 : 00 00 00 00 : 00 00 00 00 :  
0004bc0: 00 00 00 00 : 00 00 00 00 : 00 00 00 00 : 00 00 00 00 :  
0004bd0: 00 00 00 00 : 00 00 00 00 : 00 00 00 00 : 00 00 00 00 :  
0004be0: 00 00 00 00 : 00 00 00 00 : 00 00 00 00 : 00 00 00 00 :  
0004bf0: 00 00 00 00 : 00 00 00 00 : 00 00 00 00 : 00 00 00 00 :  
 Byte #:  0  1  2  3    4  5  6  7    8  9 10 11   12 13 14 15
=================================================================
=================================================================
Block 38 of file /tmp/ee469yu356.img:
-----------------------------------------------------------------
 Byte #:  0  1  2  3    4  5  6  7    8  9 10 11   12 13 14 15
0004c00: 01 01 01 01 : 01 01 01 01 : 01 01 01 01 : 01 01 01 01 :  
0004c10: 01 01 01 01 : 01 01 01 01 : 01 01 01 01 : 01 01 01 01 :  
0004c20: 01 01 01 01 : 01 01 01 01 : 01 01 01 01 : 01 01 01 01 :  
0004c30: 01 01 01 01 : 01 01 01 01 : 01 01 01 01 : 01 01 01 01 :  
0004c40: 01 01 01 01 : 01 01 01 01 : 01 01 01 01 : 01 01 01 01 :  
0004c50: 01 01 01 01 : 01 01 01 01 : 01 01 01 01 : 01 01 01 01 :  
0004c60: 01 01 01 01 : 01 01 01 01 : 01 01 01 01 : 01 01 01 01 :  
0004c70: 01 01 01 01 : 01 01 01 01 : 01 01 01 01 : 01 01 01 01 :  
0004c80: 01 01 01 01 : 01 01 01 01 : 01 01 01 01 : 01 01 01 01 :  
0004c90: 01 01 01 01 : 01 01 01 01 : 01 01 01 01 : 01 01 01 01 :  
0004ca0: 01 01 01 01 : 01 01 01 01 : 01 01 01 01 : 01 01 01 01 :  
0004cb0: 01 01 01 01 : 01 01 01 01 : 01 01 01 01 : 01 01 01 01 :  
0004cc0: 01 01 01 01 : 01 01 01 01 : 01 01 01 01 : 01 01 01 01 :  
0004cd0: 01 01 01 01 : 01 01 01 01 : 01 01 01 01 : 01 01 01 01 :  
0004ce0: 01 01 01 01 : 01 01 01 01 : 01 01 01 01 : 01 01 01 01 :  
0004cf0: 01 01 01 01 : 01 01 01 01 : 01 01 01 01 : 01 01 01 01 :  
0004d00: 01 01 01 01 : 01 01 01 01 : 01 01 01 01 : 01 01 01 01 :  
0004d10: 01 01 01 01 : 01 01 01 01 : 01 01 01 01 : 01 01 01 01 :  
0004d20: 01 01 01 01 : 01 01 01 01 : 01 01 01 01 : 01 01 01 01 :  
0004d30: 01 01 01 01 : 01 01 01 01 : 01 01 01 01 : 01 01 01 01 :  
0004d40: 01 01 01 01 : 01 01 01 01 : 01 01 01 01 : 01 01 01 01 :  
0004d50: 01 01 01 01 : 01 01 01 01 : 01 01 01 01 : 01 01 01 01 :  
0004d60: 01 01 01 01 : 01 01 01 01 : 01 01 01 01 : 01 01 01 01 :  
0004d70: 01 01 01 01 : 01 01 01 01 : 01 01 01 01 : 01 01 01 01 :  
0004d80: 01 01 01 01 : 01 01 01 01 : 01 01 01 01 : 01 01 01 01 :  
0004d90: 01 01 01 01 : 01 01 01 01 : 01 01 01 01 : 01 01 01 01 :  
0004da0: 01 01 01 01 : 01 01 01 01 : 01 01 01 01 : 01 01 01 01 :  
0004db0: 01 01 01 01 : 01 01 01 01 : 01 01 01 01 : 01 01 01 01 :  
0004dc0: 01 01 01 01 : 01 01 01 01 : 01 01 01 01 : 01 01 01 01 :  
0004dd0: 01 01 01 01 : 01 01 01 01 : 01 01 01 01 : 01 01 01 01 :  
0004de0: 01 01 01 01 : 01 01 01 01 : 01 01 01 01 : 01 01 01 01 :  
0004df0: 01 01 01 01 : 01 01 01 01 : 01 01 01 01 : 01 01 01 01 :  
 Byte #:  0  1  2  3    4  5  6  7    8  9 10 11   12 13 14 15
=================================================================
=================================================================
Block 39 of file /tmp/ee469yu356.img:
-----------------------------------------------------------------
 Byte #:  0  1  2  3    4  5  6  7    8  9 10 11   12 13 14 15
0004e00: 01 01 01 01 : 01 01 01 01 : 01 01 01 01 : 01 01 01 01 :  
0004e10: 01 01 01 01 : 01 01 01 01 : 01 01 01 01 : 01 01 01 01 :  
0004e20: 01 01 01 01 : 01 01 01 01 : 01 01 01 01 : 01 01 01 01 :  
0004e30: 01 01 01 01 : 01 01 01 01 : 01 01 01 01 : 01 01 01 01 :  
0004e40: 01 01 01 01 : 01 01 01 01 : 01 01 01 01 : 01 01 01 01 :  
0004e50: 01 01 01 01 : 01 01 01 01 : 01 01 01 01 : 01 01 01 01 :  
0004e60: 01 01 01 01 : 01 01 01 01 : 01 01 01 01 : 01 01 01 01 :  
0004e70: 01 01 01 01 : 01 01 01 01 : 01 01 01 01 : 01 01 01 01 :  
0004e80: 01 01 01 01 : 01 01 01 01 : 01 01 01 01 : 01 01 01 01 :  
0004e90: 01 01 01 01 : 01 01 01 01 : 01 01 01 01 : 01 01 01 01 :  
0004ea0: 01 01 01 01 : 01 01 01 01 : 01 01 01 01 : 01 01 01 01 :  
0004eb0: 01 01 01 01 : 01 01 01 01 : 01 01 01 01 : 01 01 01 01 :  
0004ec0: 01 01 01 01 : 01 01 01 01 : 01 01 01 01 : 01 01 01 01 :  
0004ed0: 01 01 01 01 : 01 01 01 01 : 01 01 01 01 : 01 01 01 01 :  
0004ee0: 01 01 01 01 : 01 01 01 01 : 01 01 01 01 : 01 01 01 01 :  
0004ef0: 01 01 01 01 : 01 01 01 01 : 01 01 01 01 : 01 01 01 01 :  
0004f00: 01 01 01 01 : 01 01 01 01 : 01 01 01 01 : 01 01 01 01 :  
0004f10: 01 01 01 01 : 01 01 01 01 : 01 01 01 01 : 01 01 01 01 :  
0004f20: 01 01 01 01 : 01 01 01 01 : 01 01 01 01 : 01 01 01 01 :  
0004f30: 01 01 01 01 : 01 01 01 01 : 01 01 01 01 : 01 01 01 01 :  
0004f40: 01 01 01 01 : 01 01 01 01 : 01 01 01 01 : 01 01 01 01 :  
0004f50: 01 01 01 01 : 01 01 01 01 : 01 01 01 01 : 01 01 01 01 :  
0004f60: 01 01 01 01 : 01 01 01 01 : 01 01 01 01 : 01 01 01 01 :  
0004f70: 01 01 01 01 : 01 01 01 01 : 01 01 01 01 : 01 01 01 01 :  
0004f80: 01 01 01 01 : 01 01 01 01 : 01 01 01 01 : 01 01 01 01 :  
0004f90: 01 01 01 01 : 01 01 01 01 : 01 01 01 01 : 01 01 01 01 :  
0004fa0: 01 01 01 01 : 01 01 01 01 : 01 01 01 01 : 01 01 01 01 :  
0004fb0: 01 01 01 01 : 01 01 01 01 : 01 01 01 01 : 01 01 01 01 :  
0004fc0: 01 01 01 01 : 01 01 01 01 : 01 01 01 01 : 01 01 01 01 :  
0004fd0: 01 01 01 01 : 01 01 01 01 : 01 01 01 01 : 01 01 01 01 :  
0004fe0: 01 01 01 01 : 01 01 01 01 : 01 01 01 01 : 01 01 01 01 :  
0004ff0: 01 01 01 01 : 01 01 01 01 : 01 01 01 01 : 01 01 01 01 :  
 Byte #:  0  1  2  3    4  5  6  7    8  9 10 11   12 13 14 15
=================================================================
=================================================================
Block 40 of file /tmp/ee469yu356.img:
-----------------------------------------------------------------
 Byte #:  0  1  2  3    4  5  6  7    8  9 10 11   12 13 14 15
0005000: 01 01 01 01 : 01 01 01 01 : 01 01 01 01 : 01 01 01 01 :  
0005010: 01 01 01 01 : 01 01 01 01 : 01 01 01 01 : 01 01 01 01 :  
0005020: 01 01 01 01 : 01 01 01 01 : 01 01 01 01 : 01 01 01 01 :  
0005030: 01 01 01 01 : 01 01 01 01 : 01 01 01 01 : 01 01 01 01 :  
0005040: 01 01 01 01 : 01 01 01 01 : 01 01 01 01 : 01 01 01 01 :  
0005050: 01 01 01 01 : 01 01 01 01 : 01 01 01 01 : 01 01 01 01 :  
0005060: 01 01 01 01 : 01 01 01 01 : 01 01 01 01 : 01 01 01 01 :  
0005070: 01 01 01 01 : 01 01 01 01 : 01 01 01 01 : 01 01 01 01 :  
0005080: 01 01 01 01 : 01 01 01 01 : 01 01 01 01 : 01 01 01 01 :  
0005090: 01 01 01 01 : 01 01 01 01 : 01 01 01 01 : 01 01 01 01 :  
00050a0: 01 01 01 01 : 01 01 01 01 : 01 01 01 01 : 01 01 01 01 :  
00050b0: 01 01 01 01 : 01 01 01 01 : 01 01 01 01 : 01 01 01 01 :  
00050c0: 01 01 01 01 : 01 01 01 01 : 01 01 01 01 : 01 01 01 01 :  
00050d0: 01 01 01 01 : 01 01 01 01 : 01 01 01 01 : 01 01 01 01 :  
00050e0: 01 01 01 01 : 01 01 01 01 : 01 01 01 01 : 01 01 01 01 :  
00050f0: 01 01 01 01 : 01 01 01 01 : 01 01 01 01 : 01 01 01 01 :  
0005100: 01 01 01 01 : 01 01 01 01 : 01 01 01 01 : 01 01 01 01 :  
0005110: 01 01 01 01 : 01 01 01 01 : 01 01 01 01 : 01 01 01 01 :  
0005120: 01 01 01 01 : 01 01 01 01 : 01 01 01 01 : 01 01 01 01 :  
0005130: 01 01 01 01 : 01 01 01 01 : 01 01 01 01 : 01 01 01 01 :  
0005140: 01 01 01 01 : 01 01 01 01 : 01 01 01 01 : 01 01 01 01 :  
0005150: 01 01 01 01 : 01 01 01 01 : 01 01 01 01 : 01 01 01 01 :  
0005160: 01 01 01 01 : 01 01 01 01 : 01 01 01 01 : 01 01 01 01 :  
0005170: 01 01 01 01 : 01 01 01 01 : 01 01 01 01 : 01 01 01 01 :  
0005180: 01 01 01 01 : 01 01 01 01 : 01 01 01 01 : 01 01 01 01 :  
0005190: 01 01 01 01 : 01 01 01 01 : 01 01 01 01 : 01 01 01 01 :  
00051a0: 01 01 01 01 : 01 01 01 01 : 01 01 01 01 : 01 01 01 01 :  
00051b0: 01 01 01 01 : 01 01 01 01 : 01 01 01 01 : 01 01 01 01 :  
00051c0: 01 01 01 01 : 01 01 01 01 : 01 01 01 01 : 01 01 01 01 :  
00051d0: 01 01 01 01 : 01 01 01 01 : 01 01 01 01 : 01 01 01 01 :  
00051e0: 01 01 01 01 : 01 01 01 01 : 01 01 01 01 : 01 01 01 01 :  
00051f0: 01 01 01 01 : 01 01 01 01 : 01 01 01 01 : 01 01 01 01 :  
 Byte #:  0  1  2  3    4  5  6  7    8  9 10 11   12 13 14 15
=================================================================
=================================================================
Block 41 of file /tmp/ee469yu356.img:
-----------------------------------------------------------------
 Byte #:  0  1  2  3    4  5  6  7    8  9 10 11   12 13 14 15
0005200: 01 01 01 01 : 01 01 01 01 : 01 01 01 01 : 01 01 01 01 :  
0005210: 01 01 01 01 : 01 01 01 01 : 01 01 01 01 : 01 01 01 01 :  
0005220: 01 01 01 01 : 01 01 01 01 : 01 01 01 01 : 01 01 01 01 :  
0005230: 01 01 01 01 : 01 01 01 01 : 01 01 01 01 : 01 01 01 01 :  
0005240: 01 01 01 01 : 01 01 01 01 : 01 01 01 01 : 01 01 01 01 :  
0005250: 01 01 01 01 : 01 01 01 01 : 01 01 01 01 : 01 01 01 01 :  
0005260: 01 01 01 01 : 01 01 01 01 : 01 01 01 01 : 01 01 01 01 :  
0005270: 01 01 01 01 : 01 01 01 01 : 01 01 01 01 : 01 01 01 01 :  
0005280: 01 01 01 01 : 01 01 01 01 : 01 01 01 01 : 01 01 01 01 :  
0005290: 01 01 01 01 : 01 01 01 01 : 01 01 01 01 : 01 01 01 01 :  
00052a0: 01 01 01 01 : 01 01 01 01 : 01 01 01 01 : 01 01 01 01 :  
00052b0: 01 01 01 01 : 01 01 01 01 : 01 01 01 01 : 01 01 01 01 :  
00052c0: 01 01 01 01 : 01 01 01 01 : 01 01 01 01 : 01 01 01 01 :  
00052d0: 01 01 01 01 : 01 01 01 01 : 01 01 01 01 : 01 01 01 01 :  
00052e0: 01 01 01 01 : 01 01 01 01 : 01 01 01 01 : 01 01 01 01 :  
00052f0: 01 01 01 01 : 01 01 01 01 : 01 01 01 01 : 01 01 01 01 :  
0005300: 01 01 01 01 : 01 01 01 01 : 01 01 01 01 : 01 01 01 01 :  
0005310: 01 01 01 01 : 01 01 01 01 : 01 01 01 01 : 01 01 01 01 :  
0005320: 01 01 01 01 : 01 01 01 01 : 01 01 01 01 : 01 01 01 01 :  
0005330: 01 01 01 01 : 01 01 01 01 : 01 01 01 01 : 01 01 01 01 :  
0005340: 01 01 01 01 : 01 01 01 01 : 01 01 01 01 : 01 01 01 01 :  
0005350: 01 01 01 01 : 01 01 01 01 : 01 01 01 01 : 01 01 01 01 :  
0005360: 01 01 01 01 : 01 01 01 01 : 01 01 01 01 : 01 01 01 01 :  
0005370: 01 01 01 01 : 01 01 01 01 : 01 01 01 01 : 01 01 01 01 :  
0005380: 01 01 01 01 : 01 01 01 01 : 01 01 01 01 : 01 01 01 01 :  
0005390: 01 01 01 01 : 01 01 01 01 : 01 01 01 01 : 01 01 01 01 :  
00053a0: 01 01 01 01 : 01 01 01 01 : 01 01 01 01 : 01 01 01 01 :  
00053b0: 01 01 01 01 : 01 01 01 01 : 01 01 01 01 : 01 01 01 01 :  
00053c0: 01 01 01 01 : 01 01 01 01 : 01 01 01 01 : 01 01 01 01 :  
00053d0: 01 01 01 01 : 01 01 01 01 : 01 01 01 01 : 01 01 01 01 :  
00053e0: 01 01 01 01 : 01 01 01 01 : 01 01 01 01 : 01 01 01 01 :  
00053f0: 01 01 01 01 : 01 01 01 01 : 01 01 01 01 : 01 01 01 01 :  
 Byte #:  0  1  2  3    4  5  6  7    8  9 10 11   12 13 14 15
=================================================================
